5000 1 8 1
10000 2 48 2
15000 4 73 2
20000 4 165 3
25000 5 237 3
30000 7 411 4
35000 9 704 6
40000 10 521 6
45000 12 646 6
50000 13 903 8
55000 14 922 8
60000 16 1678 9
65000 17 1495 10
70000 20 1782 10
75000 21 1807 11
80000 22 2065 12
85000 24 2384 13
90000 26 2516 14
95000 27 4322 15
100000 28 3596 15
105000 30 3366 16
110000 36 3810 17
115000 32 7686 18
120000 35 4656 18
125000 38 6785 18
130000 38 5408 20
135000 39 5922 21
140000 41 6305 22
145000 43 9108 23
150000 45 13200 23
155000 45 14022 23
160000 47 10346 26
165000 50 13038 26
170000 50 11389 26
175000 52 9374 28
180000 54 17783 28
185000 55 11434 30
190000 57 13728 31
195000 59 11768 33
200000 61 12513 32
205000 62 19792 33
210000 64 24127 35
215000 66 17408 36
220000 67 15435 37
225000 69 20752 36
230000 71 28930 35
235000 73 30537 36
240000 76 18969 37
245000 75 33154 38
250000 77 28710 39
255000 80 36597 39
260000 80 23657 40
265000 82 39808 44
270000 83 44072 43
275000 87 36577 45
280000 89 35664 45
285000 89 26121 44
290000 90 30661 45
295000 96 40243 46
300000 97 33809 47
305000 98 29233 47
310000 100 55676 48
315000 103 45930 51
320000 102 35796 53
325000 104 53202 54
330000 108 33224 54
335000 107 41158 54
340000 109 35064 55
345000 114 36730 58
350000 113 55198 59
355000 119 62301 58
360000 115 78391 59
365000 119 48917 59
370000 124 53667 61
375000 124 54293 64
380000 128 50067 61
385000 125 77899 65
390000 126 55583 64
395000 145 62913 68
400000 131 54149 65
405000 132 50189 66
410000 134 63250 69
415000 135 68277 68
420000 144 62100 72
425000 141 72879 69
430000 140 58676 71
435000 141 83543 73
440000 143 104565 75
445000 147 68296 71
450000 149 74484 72
455000 148 63092 71
460000 156 108639 74
465000 154 102244 77
470000 154 73163 74
475000 157 73040 77
480000 164 74998 77
485000 163 71790 78
490000 165 98993 80
495000 173 105751 79
500000 166 126716 79
